calibration_time: 2018-05-02-10-21-31
gain: 0.807183445431
trim: -0.272810623626
baseline: -15.7385930435
radius: 0.0318
k: 27.0
limit: 1.0