calibration_time: 2018-05-02-11-39-25
gain: 1.11401281527
trim: 4.29360630826
baseline: 39.4581477031
radius: 0.0318
k: 27.0
limit: 1.0