calibration_time: 2018-05-02-11-10-35
gain: 0.871449471235
trim: 0.0219106891128
baseline: 2.31240276696
radius: 0.0318
k: 27.0
limit: 1.0