baseline: -79.205679376
calibration_time: 2018-05-05-01-07-46
gain: 0.5761811137199402
k: 27.0
limit: 1.0
radius: 0.0318
trim: -0.0035000001080334187
